voltage,current
367, 58.3
337, 193.2
337, 203.7
337, 204.8
366, 65.0
338, 203.8
336, 180.8
336, 130.9
333, 132.5
336, 133.4
334, 129.9
327, 131.0
332, 130.3
339, 201.6
339, 132.5
333, 130.7
335, 130.0
338, 203.9
338, 56.4
337, 204.4
334, 131.9
336, 134.5
392, 122.8
341, 181.8
341, 202.2
337, 203.5
335, 131.9
335, 130.9
335, 134.0
371, 67.4
336, 133.5
334, 131.6
336, 204.2
337, 132.8
337, 201.4
335, 135.1
338, 196.4
338, 195.1
335, 181.3
335, 130.3
339, 129.1
335, 129.8
371, 129.3
338, 204.0
338, 203.2
339, 133.1
336, 131.4
337, 194.7
337, 192.5
342, 201.9
336, 196.5
338, 194.9
335, 131.7
334, 130.8
337, 197.0
338, 195.3
335, 130.9
337, 125.7
332, 131.1
381, 55.9
334, 130.4
334, 197.9
336, 195.6
330, 131.5
334, 130.5
377, 132.2
333, 57.2
378, 121.8
363, 132.5
362, 131.6
365, 65.2
339, 130.1
339, 130.3
337, 125.0
337, 202.8
377, 138.2
327, 129.7
334, 132.7
338, 202.8
368, 120.3
373, 149.1
340, 126.9
377, 44.6
337, 203.3
368, 45.0
373, 154.5
331, 124.4
367, 107.4
375, 169.5
356, 45.1
335, 133.5
337, 201.4
338, 126.5
336, 202.8
336, 146.2
337, 203.8
375, 121.8
370, 77.8
337, 204.4
337, 195.4
337, 203.3
337, 203.4
338, 203.2
338, 206.7
338, 204.9
334, 131.8
336, 82.7
338, 92.4
399, 70.3
396, 141.5
401, 115.1
353, 176.7
373, 170.2
337, 204.4
332, 199.3
336, 196.8
341, 203.8
377, 132.5
337, 204.4
403, 62.3
373, 153.8
337, 203.8
335, 134.6
398, 51.0
362, 50.2
347, 61.0
335, 133.0
337, 196.5
336, 195.1
337, 194.7
337, 203.0
338, 203.6
331, 130.5
335, 130.1
337, 195.5
340, 202.9
329, 130.8
399, 71.2
341, 201.3
335, 131.1
333, 131.2
336, 196.2
335, 130.7
328, 131.8
338, 204.5
335, 132.2
335, 196.1
335, 131.4
337, 195.5
336, 195.5
336, 199.0
335, 133.9
337, 195.2
375, 149.9
337, 203.4
337, 197.0
339, 204.3
334, 201.2
336, 195.6
337, 194.2
330, 130.2
336, 181.2
333, 130.5
337, 194.8
341, 204.5
337, 181.2
397, 127.0
335, 133.7
335, 133.0
332, 131.6
373, 51.0
369, 150.7
338, 204.3
375, 152.7
335, 133.0
337, 203.4
335, 130.3
336, 195.8
337, 192.8
337, 132.4
335, 132.0
337, 194.5
375, 80.5
334, 130.3
402, 77.2
337, 181.0
335, 133.4
335, 130.6
333, 130.8
384, 97.0
335, 131.3
337, 127.6
336, 85.9
387, 102.6
335, 196.5
329, 129.8
330, 129.8
337, 194.6
336, 131.8
337, 194.8
369, 71.0
339, 134.1
335, 204.2
335, 182.1
372, 154.1
335, 131.8
332, 131.2
332, 199.5
340, 194.1
335, 133.3
368, 132.1
369, 132.1
335, 129.5
337, 126.6
337, 195.1
340, 121.3
335, 131.2
370, 132.0
330, 130.6
337, 194.6
338, 195.3
339, 101.1
342, 101.1
343, 101.6
343, 101.0
344, 101.2
340, 101.2
342, 101.3
342, 101.7
341, 101.7
338, 101.1
342, 102.9
337, 195.7
336, 203.3
335, 132.6
335, 132.4
335, 130.9
368, 126.4
335, 131.5
372, 167.8
338, 201.5
335, 131.5
383, 203.5
336, 180.8
337, 126.9
335, 134.0
336, 130.5
335, 130.9
345, 120.1
332, 130.7
337, 184.1
333, 129.9
335, 130.8
369, 131.9
334, 180.0
337, 181.2
337, 193.4
327, 128.5
334, 129.2
335, 149.1
335, 132.2
335, 131.6
336, 193.6
338, 201.7
336, 131.6
336, 197.3
365, 131.9
327, 130.9
331, 130.8
333, 134.6
338, 195.9
336, 195.2
341, 125.3
339, 131.6
335, 130.3
380, 164.5
335, 132.2
367, 67.7
337, 195.5
336, 195.0
336, 133.0
328, 129.2
332, 130.3
335, 181.4
336, 133.7
336, 194.0
338, 203.9
337, 203.1
333, 129.5
332, 129.3
335, 130.2
338, 201.4
329, 131.0
334, 132.7
335, 131.6
335, 130.5
336, 131.6
335, 131.6
337, 203.8
375, 153.1
334, 130.7
336, 132.0
335, 132.6
335, 133.4
376, 169.4
336, 182.8
334, 197.4
335, 130.9
336, 182.6
333, 129.9
333, 131.1
329, 130.5
335, 129.8
336, 195.0
330, 130.7
335, 133.6
335, 132.7
337, 194.8
338, 206.4
366, 54.2
335, 131.7
335, 131.7
335, 125.8
336, 132.6
337, 195.0
337, 198.5
337, 197.7
395, 96.9
376, 126.5
338, 196.4
335, 130.9
334, 130.9
337, 196.6
333, 134.6
332, 131.5
338, 193.6
339, 203.2
336, 130.8
369, 44.1
335, 132.8
333, 131.0
335, 132.8
335, 129.8
334, 133.8
335, 132.7
334, 133.5
332, 130.8
335, 194.5
333, 130.2
333, 131.0
335, 134.0
336, 196.6
335, 196.5
335, 203.8
335, 196.2
333, 132.1
340, 94.6
336, 196.3
334, 197.0
335, 132.9
336, 181.1
333, 130.7
333, 133.5
335, 179.9
336, 204.0
335, 134.0
341, 202.0
335, 131.5
335, 130.5
337, 202.0
373, 127.4
336, 179.5
371, 175.2
328, 131.5
332, 130.7
333, 130.0
337, 204.1
338, 132.3
332, 131.8
328, 131.1
369, 60.1
337, 192.9
337, 180.5
337, 194.6
337, 201.7
335, 125.8
335, 131.0
335, 131.6
335, 129.3
336, 194.5
335, 131.9
333, 128.5
333, 131.6
360, 126.5
344, 119.4
330, 129.9
330, 131.1
333, 131.5
327, 131.9
335, 131.6
339, 132.1
332, 89.7
337, 198.7
336, 126.5
328, 129.9
335, 132.0
333, 130.8
331, 130.8
333, 132.0
334, 132.2
336, 131.1
338, 203.8
365, 75.2
374, 152.6
343, 120.9
334, 132.1
370, 126.4
335, 131.8
334, 131.7
337, 203.4
359, 124.9
328, 131.0
336, 130.2
374, 130.0
337, 180.0
392, 127.1
358, 132.5
337, 194.5
337, 195.4
335, 180.6
335, 130.4
334, 183.1
335, 132.3
334, 131.0
342, 202.9
336, 131.6
378, 170.3
334, 131.6
335, 131.7
335, 134.5
331, 131.8
331, 131.4
336, 179.6
335, 132.6
337, 198.1
334, 129.9
366, 132.2
326, 129.5
338, 201.1
337, 201.0
335, 130.3
336, 196.8
335, 203.6
335, 196.4
334, 133.4
332, 131.7
368, 98.6
331, 131.3
337, 131.4
333, 130.7
338, 203.4
335, 131.3
331, 129.6
330, 130.2
335, 130.8
327, 131.6
339, 127.2
332, 133.3
394, 118.4
364, 127.3
338, 194.9
369, 66.8
337, 184.4
334, 130.9
333, 131.9
334, 131.8
327, 130.5
337, 204.8
372, 55.5
337, 180.5
376, 121.2
374, 96.9
388, 127.3
333, 130.5
333, 131.0
335, 133.9
364, 127.1
335, 131.7
342, 205.5
333, 130.3
373, 140.1
363, 76.5
373, 168.0
334, 130.0
330, 131.5
331, 131.2
335, 128.5
384, 62.7
332, 130.9
335, 133.8
335, 130.8
335, 131.1
335, 132.4
333, 130.6
328, 130.9
328, 130.8
331, 131.8
329, 130.9
338, 204.5
337, 196.3
340, 183.0
331, 131.0
327, 129.1
374, 153.2
336, 194.9
335, 131.7
335, 130.4
337, 123.2
339, 131.7
336, 129.6
335, 131.9
337, 204.6
337, 193.9
336, 182.2
340, 57.2
336, 194.8
333, 131.6
340, 101.2
332, 129.9
328, 129.2
334, 132.1
338, 180.4
337, 203.8
337, 196.4
338, 125.6
333, 130.7
333, 130.8
335, 132.3
331, 203.4
330, 130.2
336, 131.5
335, 131.6
337, 196.7
333, 130.6
334, 131.7
337, 126.1
336, 195.2
335, 129.8
374, 77.1
335, 135.5
336, 180.0
337, 181.3
333, 130.7
336, 196.2
327, 130.5
335, 130.7
335, 131.1
334, 130.7
336, 195.7
332, 130.2
337, 193.6
341, 201.6
335, 131.0
335, 180.4
333, 131.0
336, 205.6
336, 196.3
335, 133.3
337, 193.9
337, 196.1
337, 201.6
337, 195.0
338, 204.1
340, 180.1
338, 85.0
373, 115.4
336, 180.6
336, 180.1
373, 152.9
376, 95.5
375, 127.0
375, 123.2
332, 130.8
332, 130.9
335, 125.9
338, 195.0
373, 154.6
338, 203.0
361, 130.8
372, 180.4
335, 134.6
374, 170.6
357, 176.8
328, 129.6
334, 129.9
336, 130.7
366, 65.4
332, 130.3
370, 50.0
370, 51.8
333, 130.5
338, 195.6
336, 195.7
336, 195.5
374, 170.9
337, 194.9
330, 130.9
367, 78.8
327, 131.8
333, 130.2
338, 125.6
336, 195.9
337, 182.4
337, 181.4
334, 129.9
333, 130.4
370, 95.9
339, 133.2
337, 197.2
336, 195.7
336, 194.5
335, 133.6
386, 164.3
334, 130.2
335, 132.5
337, 182.0
335, 133.9
335, 134.2
389, 129.5
335, 130.4
335, 203.4
335, 128.6
368, 131.2
376, 144.8
339, 130.1
375, 96.5
332, 130.0
335, 130.9
336, 197.5
339, 93.2
332, 130.2
337, 204.4
335, 133.7
335, 129.4
373, 68.5
333, 202.3
335, 131.4
337, 181.2
328, 129.1
333, 131.3
333, 130.3
335, 131.4
334, 129.0
336, 203.8
336, 131.5
334, 180.5
372, 132.4
337, 195.7
376, 168.1
342, 204.2
335, 131.9
334, 131.6
334, 130.8
335, 130.9
337, 204.1
337, 195.1
335, 94.1
337, 202.7
337, 202.5
338, 202.6
336, 181.0
334, 132.1
337, 204.2
376, 131.8
332, 130.7
337, 203.8
336, 207.7
331, 129.9
370, 131.1
385, 84.8
372, 88.6
383, 88.5
408, 13.9
381, 87.6
385, 89.5
378, 88.7
364, 44.5
334, 131.7
335, 132.9
327, 132.2
336, 194.7
337, 202.2
334, 131.3
334, 129.8
334, 135.7
334, 131.1
339, 131.7
333, 129.6
334, 197.6
335, 131.5
327, 130.3
337, 193.5
334, 198.4
340, 194.4
335, 134.0
335, 130.2
337, 181.3
329, 131.9
373, 171.5
367, 149.9
333, 128.6
338, 203.1
335, 132.1
335, 131.0
334, 131.8
333, 130.4
333, 130.8
334, 126.0
373, 154.0
373, 154.2
335, 130.4
335, 130.5
335, 132.2
341, 192.3
335, 132.6
375, 155.4
335, 130.5
337, 194.9
338, 195.6
366, 129.6
337, 180.3
392, 180.9
335, 133.3
376, 140.7
335, 132.1
338, 194.8
340, 203.0
337, 196.5
335, 132.2
335, 132.9
336, 181.1
335, 131.6
338, 94.1
377, 149.1
373, 154.3
335, 130.4
374, 154.8
335, 131.7
327, 130.4
337, 196.7
337, 196.2
374, 154.3
371, 168.7
333, 131.7
330, 201.9
337, 203.6
333, 197.8
333, 180.5
335, 130.4
334, 195.0
334, 194.5
341, 96.4
334, 132.0
334, 131.7
336, 180.9
335, 131.2
335, 133.6
335, 131.2
334, 133.6
336, 181.2
339, 192.5
328, 129.5
332, 128.7
374, 132.0
333, 130.5
363, 132.6
337, 194.0
334, 130.4
334, 132.0
337, 194.8
327, 130.9
332, 129.8
337, 203.9
338, 131.8
330, 130.8
335, 132.4
336, 131.0
338, 195.3
335, 133.5
335, 198.0
335, 132.3
335, 132.1
335, 133.1
337, 194.9
372, 170.9
369, 121.0
336, 129.7
334, 130.5
335, 195.9
335, 147.4
337, 195.6
337, 202.4
338, 194.9
338, 124.1
337, 183.3
334, 130.4
373, 253.6
331, 131.8
332, 130.5
336, 130.9
337, 195.0
334, 134.3
336, 131.6
335, 131.8
341, 180.3
327, 132.0
340, 80.0
329, 130.3
337, 180.6
337, 203.1
336, 181.2
337, 195.4
337, 179.5
333, 130.9
335, 201.9
334, 131.4
335, 131.6
335, 130.1
336, 196.0
334, 132.6
335, 195.5
334, 197.5
336, 130.7
329, 130.8
337, 195.5
335, 132.4
337, 184.1
380, 141.5
337, 203.6
337, 202.0
334, 131.0
338, 195.1
335, 134.4
336, 204.0
339, 131.1
341, 94.5
339, 130.4
370, 163.0
335, 130.8
332, 130.9
337, 197.0
338, 92.8
334, 131.1
338, 75.2
335, 131.9
335, 130.9
337, 203.4
341, 203.1
337, 194.9
336, 194.0
337, 181.9
335, 130.7
337, 127.2
333, 57.5
337, 196.3
334, 181.0
336, 193.3
367, 55.6
335, 130.2
334, 131.0
334, 130.9
337, 126.3
369, 130.7
335, 203.7
372, 180.9
377, 254.2
367, 66.6
357, 128.2
337, 196.7
327, 131.3
336, 131.6
373, 152.7
336, 180.1
337, 195.5
338, 129.1
336, 196.5
334, 131.3
334, 130.2
335, 131.7
335, 130.8
335, 130.8
331, 129.7
376, 140.0
375, 141.5
336, 132.1
335, 130.4
397, 153.3
333, 131.6
333, 129.3
336, 130.8
332, 131.2
333, 131.5
334, 132.8
335, 131.7
336, 180.1
335, 131.2
336, 202.4
362, 126.7
329, 130.5
335, 130.4
377, 132.5
333, 130.0
337, 195.6
337, 197.8
334, 130.0
375, 154.4
339, 132.0
333, 196.9
336, 133.3
338, 204.7
330, 129.3
334, 132.6
336, 134.0
335, 130.9
335, 130.8
338, 202.7
337, 193.1
327, 131.1
338, 85.2
362, 131.9
339, 130.9
334, 131.4
327, 131.4
336, 131.2
336, 196.0
338, 204.7
335, 132.2
335, 131.6
367, 64.1
337, 195.4
334, 131.5
335, 134.5
335, 133.4
410, 146.4
390, 145.3
399, 147.3
380, 116.2
384, 150.0
381, 96.9
333, 130.5
336, 133.5
336, 196.1
339, 131.6
334, 130.7
333, 130.9
371, 130.5
383, 130.4
337, 202.1
334, 131.8
372, 132.2
327, 130.1
335, 130.7
337, 43.2
334, 132.6
335, 204.2
335, 130.7
341, 181.3
374, 127.2
335, 130.5
333, 129.7
337, 126.5
359, 81.7
363, 124.8
362, 126.4
336, 195.3
335, 134.1
334, 131.9
332, 129.1
338, 194.8
330, 131.4
329, 132.0
330, 130.0
336, 181.2
335, 131.3
332, 131.8
334, 130.0
337, 182.2
332, 131.1
335, 132.2
336, 180.5
337, 193.4
337, 196.1
340, 194.2
338, 195.9
337, 195.5
402, 98.1
335, 132.4
335, 134.6
333, 132.0
385, 132.0
331, 134.2
331, 128.7
373, 79.5
335, 132.8
387, 164.8
335, 130.8
335, 133.0
337, 131.4
336, 132.7
336, 134.5
336, 203.6
359, 132.9
338, 194.7
335, 131.7
334, 131.9
341, 120.0
335, 131.8
336, 129.5
380, 81.0
335, 132.4
334, 130.5
337, 195.7
339, 203.0
335, 132.9
335, 132.7
335, 132.1
374, 170.0
337, 205.3
334, 196.6
335, 130.4
337, 194.2
337, 181.2
332, 136.4
336, 196.4
336, 193.7
335, 134.5
337, 194.6
335, 195.7
379, 96.0
337, 195.8
334, 128.6
335, 133.5
335, 132.1
337, 203.9
336, 180.3
335, 129.5
338, 205.9
337, 194.6
336, 203.7
334, 131.0
400, 70.2
373, 182.2
374, 181.2
375, 104.5
377, 170.2
334, 133.5
338, 203.1
336, 201.7
335, 132.4
343, 121.6
335, 131.2
335, 193.1
338, 132.7
337, 195.4
335, 135.4
361, 103.0
400, 72.0
331, 130.4
336, 203.0
338, 194.7
337, 180.9
334, 129.4
335, 86.5
374, 127.6
339, 133.2
361, 127.5
338, 204.2
332, 133.3
332, 131.6
334, 129.3
331, 198.5
335, 132.1
327, 130.0
335, 134.5
337, 202.9
339, 132.4
365, 129.1
366, 131.2
339, 132.6
376, 70.9
334, 197.4
333, 194.3
332, 86.0
337, 130.6
381, 60.2
336, 183.4
371, 60.0
337, 204.4
383, 166.0
376, 95.6
337, 203.3
337, 202.4
341, 130.7
337, 194.2
332, 132.2
327, 131.1
337, 193.0
335, 130.2
334, 130.9
365, 69.3
378, 130.7
381, 62.9
335, 130.2
336, 182.5
332, 130.9
335, 130.9
335, 132.8
327, 129.5
334, 130.3
331, 131.0
337, 202.8
337, 202.2
337, 125.3
336, 127.5
373, 181.3
339, 133.4
374, 155.0
340, 92.1
335, 131.6
335, 132.9
334, 131.5
334, 130.9
335, 131.9
337, 196.2
343, 121.5
342, 121.5
336, 182.2
337, 202.9
338, 204.4
377, 145.4
337, 194.9
378, 142.1
382, 165.8
366, 181.3
337, 197.1
378, 167.8
336, 180.7
368, 91.2
